0.0909091 0.0909091 0.324508
0.0909091 0.181818 0.550852
0.0909091 0.272727 0.611639
0.0909091 0.363636 0.491285
0.0909091 0.454545 0.230657
0.0909091 0.545455 -0.0861108
0.0909091 0.636364 -0.358448
0.0909091 0.727273 -0.501275
0.0909091 0.818182 -0.4719
0.0909091 0.909091 -0.283366

0.181818 0.0909091 0.617862
0.181818 0.181818 1.04774
0.181818 0.272727 1.16068
0.181818 0.363636 0.927062
0.181818 0.454545 0.425537
0.181818 0.545455 -0.182337
0.181818 0.636364 -0.703564
0.181818 0.727273 -0.974988
0.181818 0.818182 -0.914905
0.181818 0.909091 -0.54864

0.272727 0.0909091 0.852975
0.272727 0.181818 1.44404
0.272727 0.272727 1.59373
0.272727 0.363636 1.26131
0.272727 0.454545 0.557187
0.272727 0.545455 -0.292546
0.272727 0.636364 -1.01811
0.272727 0.727273 -1.39167
0.272727 0.818182 -1.2995
0.272727 0.909091 -0.777651

0.363636 0.0909091 1.01008
0.363636 0.181818 1.70627
0.363636 0.272727 1.87377
0.363636 0.363636 1.46461
0.363636 0.454545 0.612405
0.363636 0.545455 -0.410347
0.363636 0.636364 -1.27893
0.363636 0.727273 -1.7195
0.363636 0.818182 -1.5959
0.363636 0.909091 -0.952567

0.454545 0.0909091 1.07855
0.454545 0.181818 1.81721
0.454545 0.272727 1.98378
0.454545 0.363636 1.52731
0.454545 0.454545 0.594119
0.454545 0.545455 -0.518795
0.454545 0.636364 -1.45809
0.454545 0.727273 -1.92626
0.454545 0.818182 -1.77606
0.454545 0.909091 -1.05711

0.545455 0.0909091 1.05711
0.545455 0.181818 1.77606
0.545455 0.272727 1.92626
0.545455 0.363636 1.45809
0.545455 0.454545 0.518795
0.545455 0.545455 -0.594119
0.545455 0.636364 -1.52731
0.545455 0.727273 -1.98378
0.545455 0.818182 -1.81721
0.545455 0.909091 -1.07855

0.636364 0.0909091 0.952567
0.636364 0.181818 1.5959
0.636364 0.272727 1.7195
0.636364 0.363636 1.27893
0.636364 0.454545 0.410347
0.636364 0.545455 -0.612405
0.636364 0.636364 -1.46461
0.636364 0.727273 -1.87377
0.636364 0.818182 -1.70627
0.636364 0.909091 -1.01008

0.727273 0.0909091 0.777651
0.727273 0.181818 1.2995
0.727273 0.272727 1.39167
0.727273 0.363636 1.01811
0.727273 0.454545 0.292546
0.727273 0.545455 -0.557187
0.727273 0.636364 -1.26131
0.727273 0.727273 -1.59373
0.727273 0.818182 -1.44404
0.727273 0.909091 -0.852975

0.818182 0.0909091 0.54864
0.818182 0.181818 0.914905
0.818182 0.272727 0.974988
0.818182 0.363636 0.703564
0.818182 0.454545 0.182337
0.818182 0.545455 -0.425537
0.818182 0.636364 -0.927062
0.818182 0.727273 -1.16068
0.818182 0.818182 -1.04774
0.818182 0.909091 -0.617862

0.909091 0.0909091 0.283366
0.909091 0.181818 0.4719
0.909091 0.272727 0.501275
0.909091 0.363636 0.358448
0.909091 0.454545 0.0861108
0.909091 0.545455 -0.230657
0.909091 0.636364 -0.491285
0.909091 0.727273 -0.611639
0.909091 0.818182 -0.550852
0.909091 0.909091 -0.324508

