0.0909091 0.0909091 -0.584585
0.0909091 0.181818 -0.983568
0.0909091 0.272727 -1.07028
0.0909091 0.363636 -0.817178
0.0909091 0.454545 -0.304632
0.0909091 0.545455 0.304632
0.0909091 0.636364 0.817178
0.0909091 0.727273 1.07028
0.0909091 0.818182 0.983568
0.0909091 0.909091 0.584585

0.181818 0.0909091 -0.983568
0.181818 0.181818 -1.65486
0.181818 0.272727 -1.80075
0.181818 0.363636 -1.37491
0.181818 0.454545 -0.512546
0.181818 0.545455 0.512546
0.181818 0.636364 1.37491
0.181818 0.727273 1.80075
0.181818 0.818182 1.65486
0.181818 0.909091 0.983568

0.272727 0.0909091 -1.07028
0.272727 0.181818 -1.80075
0.272727 0.272727 -1.95949
0.272727 0.363636 -1.49611
0.272727 0.454545 -0.55773
0.272727 0.545455 0.55773
0.272727 0.636364 1.49611
0.272727 0.727273 1.95949
0.272727 0.818182 1.80075
0.272727 0.909091 1.07028

0.363636 0.0909091 -0.817178
0.363636 0.181818 -1.37491
0.363636 0.272727 -1.49611
0.363636 0.363636 -1.14231
0.363636 0.454545 -0.425839
0.363636 0.545455 0.425839
0.363636 0.636364 1.14231
0.363636 0.727273 1.49611
0.363636 0.818182 1.37491
0.363636 0.909091 0.817178

0.454545 0.0909091 -0.304632
0.454545 0.181818 -0.512546
0.454545 0.272727 -0.55773
0.454545 0.363636 -0.425839
0.454545 0.454545 -0.158746
0.454545 0.545455 0.158746
0.454545 0.636364 0.425839
0.454545 0.727273 0.55773
0.454545 0.818182 0.512546
0.454545 0.909091 0.304632

0.545455 0.0909091 0.304632
0.545455 0.181818 0.512546
0.545455 0.272727 0.55773
0.545455 0.363636 0.425839
0.545455 0.454545 0.158746
0.545455 0.545455 -0.158746
0.545455 0.636364 -0.425839
0.545455 0.727273 -0.55773
0.545455 0.818182 -0.512546
0.545455 0.909091 -0.304632

0.636364 0.0909091 0.817178
0.636364 0.181818 1.37491
0.636364 0.272727 1.49611
0.636364 0.363636 1.14231
0.636364 0.454545 0.425839
0.636364 0.545455 -0.425839
0.636364 0.636364 -1.14231
0.636364 0.727273 -1.49611
0.636364 0.818182 -1.37491
0.636364 0.909091 -0.817178

0.727273 0.0909091 1.07028
0.727273 0.181818 1.80075
0.727273 0.272727 1.95949
0.727273 0.363636 1.49611
0.727273 0.454545 0.55773
0.727273 0.545455 -0.55773
0.727273 0.636364 -1.49611
0.727273 0.727273 -1.95949
0.727273 0.818182 -1.80075
0.727273 0.909091 -1.07028

0.818182 0.0909091 0.983568
0.818182 0.181818 1.65486
0.818182 0.272727 1.80075
0.818182 0.363636 1.37491
0.818182 0.454545 0.512546
0.818182 0.545455 -0.512546
0.818182 0.636364 -1.37491
0.818182 0.727273 -1.80075
0.818182 0.818182 -1.65486
0.818182 0.909091 -0.983568

0.909091 0.0909091 0.584585
0.909091 0.181818 0.983568
0.909091 0.272727 1.07028
0.909091 0.363636 0.817178
0.909091 0.454545 0.304632
0.909091 0.545455 -0.304632
0.909091 0.636364 -0.817178
0.909091 0.727273 -1.07028
0.909091 0.818182 -0.983568
0.909091 0.909091 -0.584585

