0.0909091 0.0909091 0.551947
0.0909091 0.181818 0.964423
0.0909091 0.272727 1.17466
0.0909091 0.363636 1.22195
0.0909091 0.454545 1.20557
0.0909091 0.545455 1.20557
0.0909091 0.636364 1.22195
0.0909091 0.727273 1.17466
0.0909091 0.818182 0.964423
0.0909091 0.909091 0.551947

0.181818 0.0909091 0.817654
0.181818 0.181818 1.38723
0.181818 0.272727 1.60627
0.181818 0.363636 1.56509
0.181818 0.454545 1.46491
0.181818 0.545455 1.46491
0.181818 0.636364 1.56509
0.181818 0.727273 1.60627
0.181818 0.818182 1.38723
0.181818 0.909091 0.817654

0.272727 0.0909091 0.700787
0.272727 0.181818 1.09062
0.272727 0.272727 1.05918
0.272727 0.363636 0.760098
0.272727 0.454545 0.494195
0.272727 0.545455 0.494195
0.272727 0.636364 0.760098
0.272727 0.727273 1.05918
0.272727 0.818182 1.09062
0.272727 0.909091 0.700787

0.363636 0.0909091 0.354367
0.363636 0.181818 0.374084
0.363636 0.272727 -0.0372007
0.363636 0.363636 -0.664333
0.363636 0.454545 -1.12359
0.363636 0.545455 -1.12359
0.363636 0.636364 -0.664333
0.363636 0.727273 -0.0372007
0.363636 0.818182 0.374084
0.363636 0.909091 0.354367

0.454545 0.0909091 0.0692748
0.454545 0.181818 -0.199973
0.454545 0.272727 -0.889041
0.454545 0.363636 -1.74424
0.454545 0.454545 -2.33402
0.454545 0.545455 -2.33402
0.454545 0.636364 -1.74424
0.454545 0.727273 -0.889041
0.454545 0.818182 -0.199973
0.454545 0.909091 0.0692748

0.545455 0.0909091 0.0692748
0.545455 0.181818 -0.199973
0.545455 0.272727 -0.889041
0.545455 0.363636 -1.74424
0.545455 0.454545 -2.33402
0.545455 0.545455 -2.33402
0.545455 0.636364 -1.74424
0.545455 0.727273 -0.889041
0.545455 0.818182 -0.199973
0.545455 0.909091 0.0692748

0.636364 0.0909091 0.354367
0.636364 0.181818 0.374084
0.636364 0.272727 -0.0372007
0.636364 0.363636 -0.664333
0.636364 0.454545 -1.12359
0.636364 0.545455 -1.12359
0.636364 0.636364 -0.664333
0.636364 0.727273 -0.0372007
0.636364 0.818182 0.374084
0.636364 0.909091 0.354367

0.727273 0.0909091 0.700787
0.727273 0.181818 1.09062
0.727273 0.272727 1.05918
0.727273 0.363636 0.760098
0.727273 0.454545 0.494195
0.727273 0.545455 0.494195
0.727273 0.636364 0.760098
0.727273 0.727273 1.05918
0.727273 0.818182 1.09062
0.727273 0.909091 0.700787

0.818182 0.0909091 0.817654
0.818182 0.181818 1.38723
0.818182 0.272727 1.60627
0.818182 0.363636 1.56509
0.818182 0.454545 1.46491
0.818182 0.545455 1.46491
0.818182 0.636364 1.56509
0.818182 0.727273 1.60627
0.818182 0.818182 1.38723
0.818182 0.909091 0.817654

0.909091 0.0909091 0.551947
0.909091 0.181818 0.964423
0.909091 0.272727 1.17466
0.909091 0.363636 1.22195
0.909091 0.454545 1.20557
0.909091 0.545455 1.20557
0.909091 0.636364 1.22195
0.909091 0.727273 1.17466
0.909091 0.818182 0.964423
0.909091 0.909091 0.551947

