0.0909091 0.0909091 5.84751
0.0909091 0.181818 5.40857
0.0909091 0.272727 4.56431
0.0909091 0.363636 3.6226
0.0909091 0.454545 2.69151
0.0909091 0.545455 1.87178
0.0909091 0.636364 1.21843
0.0909091 0.727273 0.742329
0.0909091 0.818182 0.421749
0.0909091 0.909091 0.26398
0.181818 0.0909091 5.41306
0.181818 0.181818 4.98891
0.181818 0.272727 4.20913
0.181818 0.363636 3.34049
0.181818 0.454545 2.4817
0.181818 0.545455 1.72571
0.181818 0.636364 1.12324
0.181818 0.727273 0.684264
0.181818 0.818182 0.388604
0.181818 0.909091 0.242321
0.272727 0.0909091 4.56642
0.272727 0.181818 4.20757
0.272727 0.272727 3.54999
0.272727 0.363636 2.81738
0.272727 0.454545 2.09306
0.272727 0.545455 1.45545
0.272727 0.636364 0.947326
0.272727 0.727273 0.577099
0.272727 0.818182 0.327746
0.272727 0.909091 0.204235
0.363636 0.0909091 3.62428
0.363636 0.181818 3.33927
0.363636 0.272727 2.81739
0.363636 0.363636 2.23596
0.363636 0.454545 1.66112
0.363636 0.545455 1.15509
0.363636 0.636364 0.751827
0.363636 0.727273 0.458003
0.363636 0.818182 0.260108
0.363636 0.909091 0.162092
0.454545 0.0909091 2.69276
0.454545 0.181818 2.48079
0.454545 0.272727 2.09307
0.454545 0.363636 1.66112
0.454545 0.454545 1.23406
0.454545 0.545455 0.858131
0.454545 0.636364 0.558539
0.454545 0.727273 0.340254
0.454545 0.818182 0.193234
0.454545 0.909091 0.12042
0.545455 0.0909091 1.87265
0.545455 0.181818 1.72508
0.545455 0.272727 1.45546
0.545455 0.363636 1.1551
0.545455 0.454545 0.858131
0.545455 0.545455 0.596718
0.545455 0.636364 0.38839
0.545455 0.727273 0.236601
0.545455 0.818182 0.134367
0.545455 0.909091 0.0837348
0.636364 0.0909091 1.21899
0.636364 0.181818 1.12282
0.636364 0.272727 0.947328
0.636364 0.363636 0.751826
0.636364 0.454545 0.558537
0.636364 0.545455 0.388388
0.636364 0.636364 0.252793
0.636364 0.727273 0.153997
0.636364 0.818182 0.0874552
0.636364 0.909091 0.0544992
0.727273 0.0909091 0.742734
0.727273 0.181818 0.684063
0.727273 0.272727 0.577143
0.727273 0.363636 0.458036
0.727273 0.454545 0.340278
0.727273 0.545455 0.236617
0.727273 0.636364 0.154008
0.727273 0.727273 0.093819
0.727273 0.818182 0.0532794
0.727273 0.909091 0.0332006
0.818182 0.0909091 0.424387
0.818182 0.181818 0.39083
0.818182 0.272727 0.329738
0.818182 0.363636 0.261689
0.818182 0.454545 0.19441
0.818182 0.545455 0.135186
0.818182 0.636364 0.0879887
0.818182 0.727273 0.053601
0.818182 0.818182 0.0304393
0.818182 0.909091 0.0189725
0.909091 0.0909091 0.262301
0.909091 0.181818 0.240477
0.909091 0.272727 0.202768
0.909091 0.363636 0.160926
0.909091 0.454545 0.119553
0.909091 0.545455 0.083131
0.909091 0.636364 0.054106
0.909091 0.727273 0.0329587
0.909091 0.818182 0.0187049
0.909091 0.909091 0.0117942
