0.0909091 0.0909091 0.291169
0.0909091 0.181818 0.38415
0.0909091 0.272727 0.329811
0.0909091 0.363636 0.618419
0.0909091 0.454545 0.90095
0.0909091 0.545455 1.46087
0.0909091 0.636364 1.26987
0.0909091 0.727273 0.995506
0.0909091 0.818182 0.449229
0.0909091 0.909091 0.075253
0.181818 0.0909091 0.401948
0.181818 0.181818 0.440341
0.181818 0.272727 0.336842
0.181818 0.363636 0.694086
0.181818 0.454545 0.963377
0.181818 0.545455 1.6885
0.181818 0.636364 1.36547
0.181818 0.727273 1.08112
0.181818 0.818182 0.481284
0.181818 0.909091 0.0944659
0.272727 0.0909091 0.348206
0.272727 0.181818 0.339705
0.272727 0.272727 0.259868
0.272727 0.363636 0.565092
0.272727 0.454545 0.746029
0.272727 0.545455 1.3933
0.272727 0.636364 1.07652
0.272727 0.727273 0.852042
0.272727 0.818182 0.38778
0.272727 0.909091 0.0947803
0.363636 0.0909091 0.644243
0.363636 0.181818 0.688852
0.363636 0.272727 0.556738
0.363636 0.363636 1.14899
0.363636 0.454545 1.55067
0.363636 0.545455 2.80234
0.363636 0.636364 2.24429
0.363636 0.727273 1.77236
0.363636 0.818182 0.808808
0.363636 0.909091 0.179278
0.454545 0.0909091 0.94116
0.454545 0.181818 0.961695
0.454545 0.272727 0.738074
0.454545 0.363636 1.55855
0.454545 0.454545 2.10853
0.454545 0.545455 3.79984
0.454545 0.636364 2.98192
0.454545 0.727273 2.36668
0.454545 0.818182 1.04716
0.454545 0.909091 0.217888
0.545455 0.0909091 1.51782
0.545455 0.181818 1.66905
0.545455 0.272727 1.36752
0.545455 0.363636 2.78949
0.545455 0.454545 3.76732
0.545455 0.545455 6.78539
0.545455 0.636364 5.49227
0.545455 0.727273 4.3181
0.545455 0.818182 2.00004
0.545455 0.909091 0.455656
0.636364 0.0909091 1.3226
0.636364 0.181818 1.35441
0.636364 0.272727 1.06055
0.636364 0.363636 2.24317
0.636364 0.454545 2.96774
0.636364 0.545455 5.5142
0.636364 0.636364 4.3466
0.636364 0.727273 3.43192
0.636364 0.818182 1.5862
0.636364 0.909091 0.391971
0.727273 0.0909091 1.04337
0.727273 0.181818 1.07935
0.727273 0.272727 0.844674
0.727273 0.363636 1.78242
0.727273 0.454545 2.37034
0.727273 0.545455 4.36152
0.727273 0.636364 3.4534
0.727273 0.727273 2.72571
0.727273 0.818182 1.252
0.727273 0.909091 0.288694
0.818182 0.0909091 0.471849
0.818182 0.181818 0.480765
0.818182 0.272727 0.385952
0.818182 0.363636 0.814459
0.818182 0.454545 1.05231
0.818182 0.545455 2.02362
0.818182 0.636364 1.59993
0.818182 0.727273 1.25488
0.818182 0.818182 0.598794
0.818182 0.909091 0.167069
0.909091 0.0909091 0.0819717
0.909091 0.181818 0.0970117
0.909091 0.272727 0.0979416
0.909091 0.363636 0.185228
0.909091 0.454545 0.227352
0.909091 0.545455 0.474201
0.909091 0.636364 0.407442
0.909091 0.727273 0.298623
0.909091 0.818182 0.172527
0.909091 0.909091 0.0872377
