0.0909091 0.0909091 0.0723469
0.0909091 0.181818 0.243754
0.0909091 0.272727 0.33873
0.0909091 0.363636 0.313413
0.0909091 0.454545 0.456525
0.0909091 0.545455 0.633652
0.0909091 0.636364 0.662046
0.0909091 0.727273 0.284771
0.0909091 0.818182 0.0218668
0.0909091 0.909091 0.0552856
0.181818 0.0909091 0.239038
0.181818 0.181818 0.788804
0.181818 0.272727 1.09983
0.181818 0.363636 1.04169
0.181818 0.454545 1.49947
0.181818 0.545455 2.07955
0.181818 0.636364 2.18222
0.181818 0.727273 0.966478
0.181818 0.818182 0.0840639
0.181818 0.909091 0.173554
0.272727 0.0909091 0.337187
0.272727 0.181818 1.11686
0.272727 0.272727 1.59622
0.272727 0.363636 1.46101
0.272727 0.454545 2.02436
0.272727 0.545455 2.9093
0.272727 0.636364 2.95833
0.272727 0.727273 1.2726
0.272727 0.818182 0.123851
0.272727 0.909091 0.252896
0.363636 0.0909091 0.321402
0.363636 0.181818 1.08833
0.363636 0.272727 1.50316
0.363636 0.363636 1.36975
0.363636 0.454545 1.99232
0.363636 0.545455 2.75972
0.363636 0.636364 2.87129
0.363636 0.727273 1.23905
0.363636 0.818182 0.104119
0.363636 0.909091 0.241888
0.454545 0.0909091 0.453955
0.454545 0.181818 1.52052
0.454545 0.272727 2.01917
0.454545 0.363636 1.93116
0.454545 0.454545 2.96716
0.454545 0.545455 3.89519
0.454545 0.636364 4.22748
0.454545 0.727273 1.89614
0.454545 0.818182 0.138792
0.454545 0.909091 0.32299
0.545455 0.0909091 0.638345
0.545455 0.181818 2.13554
0.545455 0.272727 2.94184
0.545455 0.363636 2.71194
0.545455 0.454545 3.94794
0.545455 0.545455 5.44509
0.545455 0.636364 5.69081
0.545455 0.727273 2.4716
0.545455 0.818182 0.21029
0.545455 0.909091 0.47382
0.636364 0.0909091 0.665363
0.636364 0.181818 2.23406
0.636364 0.272727 2.97992
0.636364 0.363636 2.8115
0.636364 0.454545 4.26913
0.636364 0.545455 5.67206
0.636364 0.636364 6.16314
0.636364 0.727273 2.78944
0.636364 0.818182 0.217348
0.636364 0.909091 0.469179
0.727273 0.0909091 0.28562
0.727273 0.181818 0.989258
0.727273 0.272727 1.27891
0.727273 0.363636 1.20949
0.727273 0.454545 1.91695
0.727273 0.545455 2.45915
0.727273 0.636364 2.79007
0.727273 0.727273 1.26974
0.727273 0.818182 0.0752061
0.727273 0.909091 0.212849
0.818182 0.0909091 0.0208688
0.818182 0.181818 0.0834547
0.818182 0.272727 0.121564
0.818182 0.363636 0.0975513
0.818182 0.454545 0.135478
0.818182 0.545455 0.201479
0.818182 0.636364 0.208927
0.818182 0.727273 0.0717167
0.818182 0.818182 0.00403205
0.818182 0.909091 0.0275168
0.909091 0.0909091 0.0556777
0.909091 0.181818 0.177406
0.909091 0.272727 0.255008
0.909091 0.363636 0.237498
0.909091 0.454545 0.32546
0.909091 0.545455 0.472792
0.909091 0.636364 0.468982
0.909091 0.727273 0.213241
0.909091 0.818182 0.0282173
0.909091 0.909091 0.0366639
