0.0909091 0.0909091 0.326042
0.0909091 0.181818 0.671806
0.0909091 0.272727 1.58559
0.0909091 0.363636 1.52957
0.0909091 0.454545 0.784296
0.0909091 0.545455 0.382938
0.0909091 0.636364 0.216673
0.0909091 0.727273 0.37973
0.0909091 0.818182 0.369017
0.0909091 0.909091 0.120904
0.181818 0.0909091 0.680017
0.181818 0.181818 1.39267
0.181818 0.272727 3.28452
0.181818 0.363636 3.11872
0.181818 0.454545 1.57347
0.181818 0.545455 0.772514
0.181818 0.636364 0.433341
0.181818 0.727273 0.774238
0.181818 0.818182 0.759669
0.181818 0.909091 0.243999
0.272727 0.0909091 1.62281
0.272727 0.181818 3.32089
0.272727 0.272727 7.80194
0.272727 0.363636 7.57744
0.272727 0.454545 3.89882
0.272727 0.545455 1.88953
0.272727 0.636364 1.07439
0.272727 0.727273 1.89644
0.272727 0.818182 1.82081
0.272727 0.909091 0.592499
0.363636 0.0909091 1.56155
0.363636 0.181818 3.14555
0.363636 0.272727 7.55618
0.363636 0.363636 7.47342
0.363636 0.454545 3.80444
0.363636 0.545455 1.7856
0.363636 0.636364 1.02587
0.363636 0.727273 1.87777
0.363636 0.818182 1.75976
0.363636 0.909091 0.562953
0.454545 0.0909091 0.794291
0.454545 0.181818 1.57385
0.454545 0.272727 3.85705
0.454545 0.363636 3.77429
0.454545 0.454545 1.8717
0.454545 0.545455 0.873687
0.454545 0.636364 0.495714
0.454545 0.727273 0.944703
0.454545 0.818182 0.893074
0.454545 0.909091 0.277814
0.545455 0.0909091 0.392074
0.545455 0.181818 0.780913
0.545455 0.272727 1.89061
0.545455 0.363636 1.79308
0.545455 0.454545 0.884863
0.545455 0.545455 0.430788
0.545455 0.636364 0.237726
0.545455 0.727273 0.446352
0.545455 0.818182 0.439056
0.545455 0.909091 0.136278
0.636364 0.0909091 0.224581
0.636364 0.181818 0.444133
0.636364 0.272727 1.08665
0.636364 0.363636 1.04031
0.636364 0.454545 0.508178
0.636364 0.545455 0.241278
0.636364 0.636364 0.135192
0.636364 0.727273 0.261591
0.636364 0.818182 0.251097
0.636364 0.909091 0.0766405
0.727273 0.0909091 0.373917
0.727273 0.181818 0.753386
0.727273 0.272727 1.82456
0.727273 0.363636 1.80951
0.727273 0.454545 0.916675
0.727273 0.545455 0.428041
0.727273 0.636364 0.248241
0.727273 0.727273 0.454243
0.727273 0.818182 0.421334
0.727273 0.909091 0.134939
0.818182 0.0909091 0.369169
0.818182 0.181818 0.750881
0.818182 0.272727 1.78107
0.818182 0.363636 1.72611
0.818182 0.454545 0.882675
0.818182 0.545455 0.428794
0.818182 0.636364 0.242344
0.818182 0.727273 0.42857
0.818182 0.818182 0.412633
0.818182 0.909091 0.134298
0.909091 0.0909091 0.123592
0.909091 0.181818 0.246232
0.909091 0.272727 0.591776
0.909091 0.363636 0.56379
0.909091 0.454545 0.280453
0.909091 0.545455 0.135941
0.909091 0.636364 0.0753663
0.909091 0.727273 0.140279
0.909091 0.818182 0.137166
0.909091 0.909091 0.0433137
