0.0909091 0.0909091 0.200652
0.0909091 0.181818 0.477484
0.0909091 0.272727 0.758039
0.0909091 0.363636 1.32545
0.0909091 0.454545 0.932934
0.0909091 0.545455 0.258761
0.0909091 0.636364 0.264839
0.0909091 0.727273 0.393666
0.0909091 0.818182 0.182259
0.0909091 0.909091 0.105888
0.181818 0.0909091 0.481211
0.181818 0.181818 1.18185
0.181818 0.272727 1.85101
0.181818 0.363636 3.30658
0.181818 0.454545 2.37431
0.181818 0.545455 0.665799
0.181818 0.636364 0.676838
0.181818 0.727273 0.970782
0.181818 0.818182 0.443958
0.181818 0.909091 0.26497
0.272727 0.0909091 0.769976
0.272727 0.181818 1.8653
0.272727 0.272727 2.91745
0.272727 0.363636 5.18428
0.272727 0.454545 3.6645
0.272727 0.545455 0.998346
0.272727 0.636364 1.04148
0.272727 0.727273 1.53052
0.272727 0.818182 0.691424
0.272727 0.909091 0.409449
0.363636 0.0909091 1.35054
0.363636 0.181818 3.34129
0.363636 0.272727 5.20088
0.363636 0.363636 9.26589
0.363636 0.454545 6.71909
0.363636 0.545455 1.92328
0.363636 0.636364 1.94464
0.363636 0.727273 2.7411
0.363636 0.818182 1.26182
0.363636 0.909091 0.746651
0.454545 0.0909091 0.95465
0.454545 0.181818 2.41051
0.454545 0.272727 3.69316
0.454545 0.363636 6.75321
0.454545 0.454545 4.95133
0.454545 0.545455 1.38677
0.454545 0.636364 1.41363
0.454545 0.727273 1.98439
0.454545 0.818182 0.896148
0.454545 0.909091 0.543296
0.545455 0.0909091 0.268252
0.545455 0.181818 0.684166
0.545455 0.272727 1.01855
0.545455 0.363636 1.95422
0.545455 0.454545 1.40116
0.545455 0.545455 0.345167
0.545455 0.636364 0.381219
0.545455 0.727273 0.566338
0.545455 0.818182 0.236262
0.545455 0.909091 0.151714
0.636364 0.0909091 0.261615
0.636364 0.181818 0.662392
0.636364 0.272727 1.01165
0.636364 0.363636 1.88333
0.636364 0.454545 1.35921
0.636364 0.545455 0.360688
0.636364 0.636364 0.378853
0.636364 0.727273 0.546168
0.636364 0.818182 0.238848
0.636364 0.909091 0.149474
0.727273 0.0909091 0.393323
0.727273 0.181818 0.962644
0.727273 0.272727 1.50629
0.727273 0.363636 2.69091
0.727273 0.454545 1.93901
0.727273 0.545455 0.546499
0.727273 0.636364 0.553432
0.727273 0.727273 0.793483
0.727273 0.818182 0.364598
0.727273 0.909091 0.216586
0.818182 0.0909091 0.184251
0.818182 0.181818 0.445226
0.818182 0.272727 0.688255
0.818182 0.363636 1.25193
0.818182 0.454545 0.884883
0.818182 0.545455 0.230311
0.818182 0.636364 0.245214
0.818182 0.727273 0.368829
0.818182 0.818182 0.163707
0.818182 0.909091 0.0984934
0.909091 0.0909091 0.107876
0.909091 0.181818 0.267617
0.909091 0.272727 0.410426
0.909091 0.363636 0.746667
0.909091 0.454545 0.540301
0.909091 0.545455 0.148868
0.909091 0.636364 0.154392
0.909091 0.727273 0.220569
0.909091 0.818182 0.0991045
0.909091 0.909091 0.0592347
