0.0909091 0.0909091 0.0902657
0.0909091 0.181818 0.205384
0.0909091 0.272727 0.53968
0.0909091 0.363636 0.482004
0.0909091 0.454545 0.400272
0.0909091 0.545455 0.864247
0.0909091 0.636364 0.495691
0.0909091 0.727273 0.13096
0.0909091 0.818182 0.112447
0.0909091 0.909091 0.0635744
0.181818 0.0909091 0.204897
0.181818 0.181818 0.466107
0.181818 0.272727 1.23616
0.181818 0.363636 1.09252
0.181818 0.454545 0.908467
0.181818 0.545455 1.99675
0.181818 0.636364 1.12646
0.181818 0.727273 0.287282
0.181818 0.818182 0.251718
0.181818 0.909091 0.14444
0.272727 0.0909091 0.537561
0.272727 0.181818 1.23435
0.272727 0.272727 3.16879
0.272727 0.363636 2.87184
0.272727 0.454545 2.42614
0.272727 0.545455 5.10566
0.272727 0.636364 3.01176
0.272727 0.727273 0.827698
0.272727 0.818182 0.654563
0.272727 0.909091 0.378998
0.363636 0.0909091 0.487081
0.363636 0.181818 1.10755
0.363636 0.272727 2.916
0.363636 0.363636 2.58111
0.363636 0.454545 2.13353
0.363636 0.545455 4.70934
0.363636 0.636364 2.70409
0.363636 0.727273 0.708637
0.363636 0.818182 0.592081
0.363636 0.909091 0.341471
0.454545 0.0909091 0.410789
0.454545 0.181818 0.935443
0.454545 0.272727 2.49839
0.454545 0.363636 2.16398
0.454545 0.454545 1.76974
0.454545 0.545455 4.04462
0.454545 0.636364 2.25975
0.454545 0.727273 0.568707
0.454545 0.818182 0.496518
0.454545 0.909091 0.287325
0.545455 0.0909091 0.869779
0.545455 0.181818 2.01783
0.545455 0.272727 5.16017
0.545455 0.363636 4.68394
0.545455 0.454545 3.97702
0.545455 0.545455 8.50457
0.545455 0.636364 5.12349
0.545455 0.727273 1.42526
0.545455 0.818182 1.02781
0.545455 0.909091 0.625724
0.636364 0.0909091 0.500159
0.636364 0.181818 1.14314
0.636364 0.272727 3.05481
0.636364 0.363636 2.69759
0.636364 0.454545 2.2292
0.636364 0.545455 5.13939
0.636364 0.636364 3.02292
0.636364 0.727273 0.781123
0.636364 0.818182 0.584266
0.636364 0.909091 0.367221
0.727273 0.0909091 0.127964
0.727273 0.181818 0.282026
0.727273 0.272727 0.815892
0.727273 0.363636 0.685151
0.727273 0.454545 0.541048
0.727273 0.545455 1.3893
0.727273 0.636364 0.755622
0.727273 0.727273 0.168674
0.727273 0.818182 0.154925
0.727273 0.909091 0.0952695
0.818182 0.0909091 0.11232
0.818182 0.181818 0.25171
0.818182 0.272727 0.656191
0.818182 0.363636 0.585542
0.818182 0.454545 0.482702
0.818182 0.545455 1.01996
0.818182 0.636364 0.578062
0.818182 0.727273 0.158149
0.818182 0.818182 0.143878
0.818182 0.909091 0.0758269
0.909091 0.0909091 0.0646093
0.909091 0.181818 0.147268
0.909091 0.272727 0.386741
0.909091 0.363636 0.342889
0.909091 0.454545 0.284749
0.909091 0.545455 0.631565
0.909091 0.636364 0.369193
0.909091 0.727273 0.0987698
0.909091 0.818182 0.0771817
0.909091 0.909091 0.0455475
