0.0909091 0.0909091 1.79242
0.0909091 0.181818 3.63849
0.0909091 0.272727 2.79589
0.0909091 0.363636 2.0274
0.0909091 0.454545 1.51254
0.0909091 0.545455 1.06188
0.0909091 0.636364 0.692495
0.0909091 0.727273 0.386825
0.0909091 0.818182 0.281713
0.0909091 0.909091 0.56713
0.181818 0.0909091 3.68552
0.181818 0.181818 7.6506
0.181818 0.272727 5.85605
0.181818 0.363636 4.21427
0.181818 0.454545 3.14383
0.181818 0.545455 2.20823
0.181818 0.636364 1.43958
0.181818 0.727273 0.799563
0.181818 0.818182 0.594006
0.181818 0.909091 1.21644
0.272727 0.0909091 2.82173
0.272727 0.181818 5.83532
0.272727 0.272727 4.4183
0.272727 0.363636 3.17211
0.272727 0.454545 2.36845
0.272727 0.545455 1.66308
0.272727 0.636364 1.08403
0.272727 0.727273 0.599868
0.272727 0.818182 0.443757
0.272727 0.909091 0.932036
0.363636 0.0909091 2.04328
0.363636 0.181818 4.1934
0.363636 0.272727 3.16759
0.363636 0.363636 2.27819
0.363636 0.454545 1.70159
0.363636 0.545455 1.19452
0.363636 0.636364 0.778697
0.363636 0.727273 0.431195
0.363636 0.818182 0.316517
0.363636 0.909091 0.66708
0.454545 0.0909091 1.52477
0.454545 0.181818 3.12903
0.454545 0.272727 2.36571
0.454545 0.363636 1.70205
0.454545 0.454545 1.27117
0.454545 0.545455 0.892382
0.454545 0.636364 0.581753
0.454545 0.727273 0.322264
0.454545 0.818182 0.236609
0.454545 0.909091 0.497587
0.545455 0.0909091 1.07016
0.545455 0.181818 2.19713
0.545455 0.272727 1.66061
0.545455 0.363636 1.19446
0.545455 0.454545 0.892097
0.545455 0.545455 0.626272
0.545455 0.636364 0.40827
0.545455 0.727273 0.226108
0.545455 0.818182 0.16612
0.545455 0.909091 0.349656
0.636364 0.0909091 0.698242
0.636364 0.181818 1.43315
0.636364 0.272727 1.0829
0.636364 0.363636 0.778952
0.636364 0.454545 0.58179
0.636364 0.545455 0.408426
0.636364 0.636364 0.266262
0.636364 0.727273 0.147448
0.636364 0.818182 0.108285
0.636364 0.909091 0.228089
0.727273 0.0909091 0.396199
0.727273 0.181818 0.809549
0.727273 0.272727 0.609854
0.727273 0.363636 0.438899
0.727273 0.454545 0.32791
0.727273 0.545455 0.230153
0.727273 0.636364 0.150037
0.727273 0.727273 0.0830113
0.727273 0.818182 0.0607651
0.727273 0.909091 0.128806
0.818182 0.0909091 0.278225
0.818182 0.181818 0.577851
0.818182 0.272727 0.433481
0.818182 0.363636 0.30992
0.818182 0.454545 0.231608
0.818182 0.545455 0.162657
0.818182 0.636364 0.105997
0.818182 0.727273 0.0584204
0.818182 0.818182 0.0438766
0.818182 0.909091 0.0935753
0.909091 0.0909091 0.567277
0.909091 0.181818 1.19939
0.909091 0.272727 0.921377
0.909091 0.363636 0.660407
0.909091 0.454545 0.492526
0.909091 0.545455 0.346206
0.909091 0.636364 0.22568
0.909091 0.727273 0.125192
0.909091 0.818182 0.0948041
0.909091 0.909091 0.186598
