0.0909091 0.0909091 0.272583
0.0909091 0.181818 1.17839
0.0909091 0.272727 1.47287
0.0909091 0.363636 0.897518
0.0909091 0.454545 0.567886
0.0909091 0.545455 0.412428
0.0909091 0.636364 0.240218
0.0909091 0.727273 0.146605
0.0909091 0.818182 0.278417
0.0909091 0.909091 0.225428
0.181818 0.0909091 1.21599
0.181818 0.181818 5.14067
0.181818 0.272727 6.54579
0.181818 0.363636 4.06807
0.181818 0.454545 2.57001
0.181818 0.545455 1.85561
0.181818 0.636364 1.0821
0.181818 0.727273 0.675187
0.181818 0.818182 1.24486
0.181818 0.909091 0.982294
0.272727 0.0909091 1.51869
0.272727 0.181818 6.53771
0.272727 0.272727 8.47389
0.272727 0.363636 5.23293
0.272727 0.454545 3.26377
0.272727 0.545455 2.3596
0.272727 0.636364 1.36857
0.272727 0.727273 0.866403
0.272727 0.818182 1.62715
0.272727 0.909091 1.2575
0.363636 0.0909091 0.921326
0.363636 0.181818 4.04459
0.363636 0.272727 5.20965
0.363636 0.363636 3.1595
0.363636 0.454545 1.9631
0.363636 0.545455 1.42774
0.363636 0.636364 0.824516
0.363636 0.727273 0.515514
0.363636 0.818182 1.00062
0.363636 0.909091 0.778679
0.454545 0.0909091 0.58131
0.454545 0.181818 2.54842
0.454545 0.272727 3.24004
0.454545 0.363636 1.95748
0.454545 0.454545 1.22469
0.454545 0.545455 0.89231
0.454545 0.636364 0.516216
0.454545 0.727273 0.317865
0.454545 0.818182 0.619361
0.454545 0.909091 0.489788
0.545455 0.0909091 0.42212
0.545455 0.181818 1.84032
0.545455 0.272727 2.3428
0.545455 0.363636 1.42359
0.545455 0.454545 0.892162
0.545455 0.545455 0.648804
0.545455 0.636364 0.375936
0.545455 0.727273 0.232117
0.545455 0.818182 0.447858
0.545455 0.909091 0.353846
0.636364 0.0909091 0.24997
0.636364 0.181818 1.09102
0.636364 0.272727 1.383
0.636364 0.363636 0.837242
0.636364 0.454545 0.525373
0.636364 0.545455 0.382607
0.636364 0.636364 0.221399
0.636364 0.727273 0.135881
0.636364 0.818182 0.264637
0.636364 0.909091 0.209541
0.727273 0.0909091 0.150985
0.727273 0.181818 0.671645
0.727273 0.272727 0.861886
0.727273 0.363636 0.515659
0.727273 0.454545 0.319304
0.727273 0.545455 0.233154
0.727273 0.636364 0.134017
0.727273 0.727273 0.0840164
0.727273 0.818182 0.166788
0.727273 0.909091 0.129183
0.818182 0.0909091 0.27414
0.818182 0.181818 1.18818
0.818182 0.272727 1.55305
0.818182 0.363636 0.958359
0.818182 0.454545 0.595058
0.818182 0.545455 0.43037
0.818182 0.636364 0.24972
0.818182 0.727273 0.159814
0.818182 0.818182 0.29751
0.818182 0.909091 0.226876
0.909091 0.0909091 0.231104
0.909091 0.181818 0.976781
0.909091 0.272727 1.25122
0.909091 0.363636 0.777477
0.909091 0.454545 0.490294
0.909091 0.545455 0.354268
0.909091 0.636364 0.206196
0.909091 0.727273 0.128863
0.909091 0.818182 0.236314
0.909091 0.909091 0.183312
