0.0909091 0.0909091 0.205818
0.0909091 0.181818 0.411998
0.0909091 0.272727 0.319622
0.0909091 0.363636 0.41953
0.0909091 0.454545 0.953097
0.0909091 0.545455 0.9553
0.0909091 0.636364 1.12454
0.0909091 0.727273 0.792649
0.0909091 0.818182 0.173546
0.0909091 0.909091 0.00611017
0.181818 0.0909091 0.417392
0.181818 0.181818 0.854037
0.181818 0.272727 0.647833
0.181818 0.363636 0.806782
0.181818 0.454545 1.89592
0.181818 0.545455 1.82261
0.181818 0.636364 2.19901
0.181818 0.727273 1.51434
0.181818 0.818182 0.300324
0.181818 0.909091 0.0229786
0.272727 0.0909091 0.332548
0.272727 0.181818 0.666852
0.272727 0.272727 0.473293
0.272727 0.363636 0.587794
0.272727 0.454545 1.46091
0.272727 0.545455 1.33258
0.272727 0.636364 1.64039
0.272727 0.727273 1.11457
0.272727 0.818182 0.203782
0.272727 0.909091 0.0256023
0.363636 0.0909091 0.431243
0.363636 0.181818 0.820592
0.363636 0.272727 0.579641
0.363636 0.363636 0.771923
0.363636 0.454545 1.87309
0.363636 0.545455 1.75899
0.363636 0.636364 2.10134
0.363636 0.727273 1.45949
0.363636 0.818182 0.287861
0.363636 0.909091 0.0250332
0.454545 0.0909091 0.980899
0.454545 0.181818 1.92515
0.454545 0.272727 1.4419
0.454545 0.363636 1.8749
0.454545 0.454545 4.35234
0.454545 0.545455 4.24332
0.454545 0.636364 5.02701
0.454545 0.727273 3.50121
0.454545 0.818182 0.724589
0.454545 0.909091 0.0426355
0.545455 0.0909091 0.975945
0.545455 0.181818 1.83863
0.545455 0.272727 1.30327
0.545455 0.363636 1.74836
0.545455 0.454545 4.2085
0.545455 0.545455 4.03082
0.545455 0.636364 4.78125
0.545455 0.727273 3.3948
0.545455 0.818182 0.703704
0.545455 0.909091 0.0458817
0.636364 0.0909091 1.15342
0.636364 0.181818 2.22638
0.636364 0.272727 1.61211
0.636364 0.363636 2.09665
0.636364 0.454545 5.00779
0.636364 0.545455 4.80231
0.636364 0.636364 5.70891
0.636364 0.727273 4.00606
0.636364 0.818182 0.817986
0.636364 0.909091 0.0549668
0.727273 0.0909091 0.821166
0.727273 0.181818 1.54604
0.727273 0.272727 1.10446
0.727273 0.363636 1.47194
0.727273 0.454545 3.5172
0.727273 0.545455 3.44414
0.727273 0.636364 4.04343
0.727273 0.727273 2.91727
0.727273 0.818182 0.636696
0.727273 0.909091 0.0284709
0.818182 0.0909091 0.178677
0.818182 0.181818 0.303752
0.818182 0.272727 0.199086
0.818182 0.363636 0.289251
0.818182 0.454545 0.720837
0.818182 0.545455 0.71076
0.818182 0.636364 0.819509
0.818182 0.727273 0.632461
0.818182 0.818182 0.151359
0.818182 0.909091 0.00938439
0.909091 0.0909091 0.00596043
0.909091 0.181818 0.0226736
0.909091 0.272727 0.0250753
0.909091 0.363636 0.0239426
0.909091 0.454545 0.0414441
0.909091 0.545455 0.0443152
0.909091 0.636364 0.0533048
0.909091 0.727273 0.0274257
0.909091 0.818182 0.00938044
0.909091 0.909091 0.00794552
