0.0909091 0.0909091 0.0851567
0.0909091 0.181818 0.285385
0.0909091 0.272727 0.46061
0.0909091 0.363636 0.651032
0.0909091 0.454545 0.640757
0.0909091 0.545455 0.483333
0.0909091 0.636364 0.310276
0.0909091 0.727273 0.148888
0.0909091 0.818182 0.131673
0.0909091 0.909091 0.0699213
0.181818 0.0909091 0.291472
0.181818 0.181818 0.954572
0.181818 0.272727 1.54846
0.181818 0.363636 2.17367
0.181818 0.454545 2.12893
0.181818 0.545455 1.60796
0.181818 0.636364 1.05031
0.181818 0.727273 0.510141
0.181818 0.818182 0.442146
0.181818 0.909091 0.234148
0.272727 0.0909091 0.464729
0.272727 0.181818 1.52972
0.272727 0.272727 2.54429
0.272727 0.363636 3.51475
0.272727 0.454545 3.49381
0.272727 0.545455 2.78712
0.272727 0.636364 1.74534
0.272727 0.727273 0.790562
0.272727 0.818182 0.725517
0.272727 0.909091 0.378811
0.363636 0.0909091 0.661081
0.363636 0.181818 2.16208
0.363636 0.272727 3.53828
0.363636 0.363636 4.92685
0.363636 0.454545 4.83764
0.363636 0.545455 3.7362
0.363636 0.636364 2.40823
0.363636 0.727273 1.13907
0.363636 0.818182 1.00717
0.363636 0.909091 0.528672
0.454545 0.0909091 0.668609
0.454545 0.181818 2.17399
0.454545 0.272727 3.61489
0.454545 0.363636 4.96938
0.454545 0.454545 4.89069
0.454545 0.545455 3.89329
0.454545 0.636364 2.50307
0.454545 0.727273 1.14841
0.454545 0.818182 1.03181
0.454545 0.909091 0.534036
0.545455 0.0909091 0.492435
0.545455 0.181818 1.6033
0.545455 0.272727 2.81467
0.545455 0.363636 3.74699
0.545455 0.454545 3.79349
0.545455 0.545455 3.33608
0.545455 0.636364 1.99994
0.545455 0.727273 0.810891
0.545455 0.818182 0.805617
0.545455 0.909091 0.405106
0.636364 0.0909091 0.31089
0.636364 0.181818 1.0297
0.636364 0.272727 1.73594
0.636364 0.363636 2.37838
0.636364 0.454545 2.40259
0.636364 0.545455 1.97459
0.636364 0.636364 1.18748
0.636364 0.727273 0.512412
0.636364 0.818182 0.501939
0.636364 0.909091 0.255996
0.727273 0.0909091 0.151041
0.727273 0.181818 0.506173
0.727273 0.272727 0.794236
0.727273 0.363636 1.13776
0.727273 0.454545 1.11528
0.727273 0.545455 0.806089
0.727273 0.636364 0.519342
0.727273 0.727273 0.261664
0.727273 0.818182 0.228889
0.727273 0.909091 0.121263
0.818182 0.0909091 0.131963
0.818182 0.181818 0.433949
0.818182 0.272727 0.720852
0.818182 0.363636 0.99435
0.818182 0.454545 0.990825
0.818182 0.545455 0.792825
0.818182 0.636364 0.501275
0.818182 0.727273 0.226228
0.818182 0.818182 0.206692
0.818182 0.909091 0.107349
0.909091 0.0909091 0.0718767
0.909091 0.181818 0.235585
0.909091 0.272727 0.386097
0.909091 0.363636 0.535171
0.909091 0.454545 0.525979
0.909091 0.545455 0.409491
0.909091 0.636364 0.262612
0.909091 0.727273 0.12279
0.909091 0.818182 0.110118
0.909091 0.909091 0.0573496
