x	t=0	t=0.005	t=0.01	t=0.015	t=0.02
0	8.55292e-15	0.640038	0.135391	0.00950891	0.00171498
0.00497512	2.74016e-14	2.32803	0.52647	0.0376289	0.00680885
0.00995025	8.6067e-14	4.46334	1.12966	0.0831628	0.0151395
0.0149254	2.65032e-13	6.32185	1.87835	0.14414	0.0264841
0.0199005	8.0013e-13	7.34263	2.6907	0.217873	0.0405479
0.0248756	2.36823e-12	7.33395	3.47904	0.301101	0.0569738
0.0298507	6.87204e-12	6.51703	4.16022	0.390235	0.0753498
0.0348259	1.95501e-11	5.40101	4.66647	0.48164	0.0952174
0.039801	5.4527e-11	4.5552	4.95486	0.571888	0.116084
0.0447761	1.49099e-10	4.38228	5.01269	0.657905	0.137437
0.0497512	3.99705e-10	4.98439	4.85668	0.736971	0.158768
0.0547264	1.05052e-09	6.16406	4.52594	0.806623	0.179593
0.0597015	2.70688e-09	7.54009	4.07191	0.864557	0.199469
0.0646766	6.83807e-09	8.71409	3.54901	0.908617	0.218004
0.0696517	1.69355e-08	9.41327	3.00946	0.936944	0.234862
0.0746269	4.1121e-08	9.55841	2.50271	0.948261	0.249749
0.079602	9.78881e-08	9.24606	2.07755	0.942207	0.262411
0.0845771	2.28453e-07	8.67111	1.78402	0.919604	0.272632
0.0895522	5.22712e-07	8.03349	1.67218	0.882515	0.280242
0.0945274	1.17255e-06	7.46881	1.78651	0.834086	0.285136
0.0995025	2.57868e-06	7.02267	2.15625	0.778164	0.287296
0.104478	5.55987e-06	6.66608	2.78411	0.718836	0.286804
0.109453	1.17526e-05	6.33372	3.63712	0.660006	0.283845
0.114428	2.43557e-05	5.96343	4.6438	0.605121	0.27869
0.119403	4.94845e-05	5.52149	5.70041	0.557076	0.271665
0.124378	9.85684e-05	5.00901	6.68622	0.518266	0.263118
0.129353	0.000192489	4.45338	7.48443	0.490687	0.253381
0.134328	0.000368533	3.89331	8.00331	0.475985	0.242758
0.139303	0.000691745	3.36492	8.19211	0.475396	0.231528
0.144279	0.00127296	2.89345	8.04823	0.489576	0.219956
0.149254	0.00229661	2.49087	7.61481	0.518394	0.208321
0.154229	0.00406216	2.15788	6.97044	0.560798	0.196934
0.159204	0.00704414	1.88756	6.21366	0.614849	0.186143
0.164179	0.0119757	1.66917	5.44556	0.67797	0.176329
0.169154	0.0199605	1.49095	4.75363	0.747382	0.16788
0.174129	0.0326169	1.34188	4.19944	0.820618	0.161171
0.179104	0.0522535	1.2127	3.81208	0.895959	0.156534
0.18408	0.0820707	1.09641	3.58807	0.972673	0.154241
0.189055	0.126375	0.9883	3.49699	1.05094	0.15449
0.19403	0.190781	0.885774	3.49119	1.1315	0.157397
0.199005	0.282363	0.78793	3.51688	1.21505	0.162985
0.20398	0.409715	0.695015	3.52443	1.30163	0.171185
0.208955	0.582849	0.607874	3.47599	1.39011	0.181821
0.21393	0.812888	0.527489	3.34971	1.47798	0.194628
0.218905	1.11149	0.454652	3.14052	1.56146	0.209268
0.223881	1.48998	0.389786	2.85795	1.63597	0.225375
0.228856	1.9582	0.332896	2.52211	1.69683	0.242612
0.233831	2.52309	0.283615	2.15872	1.74003	0.260737
0.238806	3.18719	0.241293	1.79426	1.76295	0.279641
0.243781	3.94716	0.205122	1.45195	1.76476	0.299369
0.248756	4.7925	0.174243	1.1491	1.74659	0.320081
0.253731	5.70478	0.147839	0.895941	1.7114	0.341981
0.258706	6.65758	0.12519	0.695712	1.66356	0.365201
0.263682	7.61718	0.105705	0.545806	1.60836	0.389692
0.268657	8.54422	0.0889163	0.439441	1.55152	0.415129
0.273632	9.39617	0.0744626	0.36751	1.49882	0.440883
0.278607	10.1305	0.0620594	0.320285	1.45576	0.466059
0.283582	10.708	0.0514722	0.288757	1.42753	0.489606
0.288557	11.0966	0.0424949	0.265523	1.41895	0.510491
0.293532	11.2737	0.0349366	0.245205	1.43448	0.527883
0.298507	11.2292	0.0286161	0.22448	1.47815	0.54133
0.303483	10.9655	0.0233616	0.201824	1.55343	0.550872
0.308458	10.4981	0.0190139	0.177086	1.66296	0.557069
0.313433	9.85349	0.0154292	0.151013	1.80817	0.560942
0.318408	9.06717	0.0124818	0.124798	1.98896	0.563825
0.323383	8.18	0.0100639	0.0997165	2.20335	0.56717
0.328358	7.23495	0.00808524	0.0768669	2.44733	0.572322
0.333333	6.27361	0.00647058	0.0570286	2.71488	0.580322
0.338308	5.33335	0.00515753	0.0406102	2.99822	0.59176
0.343284	4.44512	0.00409411	0.0276722	3.28822	0.6067
0.348259	3.63217	0.00323673	0.0179937	3.5751	0.624683
0.353234	2.90971	0.00254874	0.0111609	3.84903	0.644803
0.358209	2.28525	0.00199924	0.00665613	4.10086	0.665844
0.363184	1.75962	0.00156233	0.0039358	4.32273	0.686447
0.368159	1.32832	0.0012164	0.00248915	4.50847	0.705289
0.373134	0.983078	0.000943604	0.00187652	4.65392	0.721261
0.378109	0.713301	0.000729307	0.00174813	4.75691	0.733616
0.383085	0.507409	0.000561605	0.00184731	4.81715	0.742085
0.38806	0.353871	0.000430875	0.00200277	4.83595	0.74695
0.393035	0.241953	0.00032937	0.00211428	4.81588	0.749068
0.39801	0.162187	0.000250879	0.00213572	4.7603	0.749839
0.402985	0.106587	0.000190432	0.00205839	4.67301	0.751122
0.40796	0.0686738	0.000144072	0.00189628	4.55795	0.755099
0.412935	0.0433789	0.000108658	0.00167449	4.41893	0.764081
0.41791	0.0268637	8.17116e-05	0.00142082	4.25946	0.78029
0.422886	0.01631	6.12836e-05	0.00116051	4.08277	0.805614
0.427861	0.00970829	4.58525e-05	0.000913333	3.89175	0.841375
0.432836	0.00566541	3.42356e-05	0.000692728	3.68903	0.888117
0.437811	0.00324131	2.55183e-05	0.000506047	3.47711	0.945468
0.442786	0.00181807	1.89966e-05	0.0003556	3.25835	1.01207
0.447761	0.000999769	1.41312e-05	0.000239959	3.03514	1.08562
0.452736	0.000539001	1.05104e-05	0.000155283	2.80984	1.163
0.457711	0.000284892	7.82157e-06	9.6472e-05	2.58485	1.24047
0.462687	0.000147629	5.82808e-06	5.80644e-05	2.36254	1.31405
0.467662	7.50001e-05	4.35177e-06	3.48702e-05	2.14521	1.37975
0.472637	3.73554e-05	3.25901e-06	2.23513e-05	1.93504	1.43403
0.477612	1.82408e-05	2.44996e-06	1.68018e-05	1.73397	1.47406
0.482587	8.73247e-06	1.85038e-06	1.53807e-05	1.54368	1.49802
0.487562	4.09854e-06	1.40519e-06	1.60458e-05	1.36552	1.50529
0.492537	1.88591e-06	1.07372e-06	1.74345e-05	1.20046	1.49651
0.497512	8.50775e-07	8.26009e-07	1.87227e-05	1.0491	1.47363
0.502488	3.76277e-07	6.40021e-07	1.94848e-05	0.911693	1.43972
0.507463	1.63156e-07	4.99599e-07	1.95698e-05	0.788122	1.39884
0.512438	6.93579e-08	3.92903e-07	1.89992e-05	0.677991	1.35573
0.517413	2.89061e-08	3.11266e-07	1.78892e-05	0.580659	1.31556
0.522388	1.18109e-08	2.48334e-07	1.63949e-05	0.495303	1.28356
0.527363	4.73129e-09	1.99448e-07	1.4674e-05	0.420968	1.26475
0.532338	1.85812e-09	1.61181e-07	1.28657e-05	0.356635	1.26368
0.537313	7.15435e-10	1.31e-07	1.10806e-05	0.301257	1.28412
0.542289	2.70064e-10	1.07026e-07	9.3982e-06	0.253806	1.32897
0.547264	9.99452e-11	8.78575e-08	7.86884e-06	0.213303	1.40004
0.552239	3.62626e-11	7.24363e-08	6.51867e-06	0.178836	1.49804
0.557214	1.2899e-11	5.99616e-08	5.35496e-06	0.149581	1.62255
0.562189	4.49834e-12	4.98197e-08	4.37168e-06	0.124797	1.77202
0.567164	1.53798e-12	4.1537e-08	3.55427e-06	0.103839	1.94389
0.572139	5.15523e-13	3.47442e-08	2.88356e-06	0.0861422	2.13468
0.577114	1.69413e-13	2.91516e-08	2.33865e-06	0.0712245	2.34013
0.58209	5.45814e-14	2.45297e-08	1.89899e-06	0.0586727	2.55541
0.587065	1.72402e-14	2.06962e-08	1.54566e-06	0.0481355	2.77526
0.59204	5.33878e-15	1.75051e-08	1.26199e-06	0.0393141	2.99421
0.597015	1.62085e-15	1.48391e-08	1.03388e-06	0.0319539	3.2068
0.60199	4.82438e-16	1.26037e-08	8.49737e-07	0.0258377	3.40772
0.606965	1.4078e-16	1.07227e-08	7.00259e-07	0.020779	3.59205
0.61194	4.02756e-17	9.13443e-09	5.78122e-07	0.0166171	3.75538
0.616915	1.12965e-17	7.78877e-09	4.77655e-07	0.0132132	3.89396
0.621891	3.1063e-18	6.64515e-09	3.94505e-07	0.0104472	4.00481
0.626866	8.37423e-19	5.67052e-09	3.25349e-07	0.00821469	4.08576
0.631841	2.21333e-19	4.83793e-09	2.67641e-07	0.00642566	4.13552
0.636816	5.7352e-20	4.12527e-09	2.19418e-07	0.00500239	4.15364
0.641791	1.45697e-20	3.5144e-09	1.79138e-07	0.00387833	4.1405
0.646766	3.62872e-21	2.99029e-09	1.45567e-07	0.00299687	4.09722
0.651741	8.86046e-22	2.54044e-09	1.17692e-07	0.00231028	4.0256
0.656716	2.12109e-22	2.15438e-09	9.46668e-08	0.00177875	3.92798
0.661692	4.97809e-23	1.82327e-09	7.57654e-08	0.00136941	3.80714
0.666667	1.14543e-23	1.53959e-09	6.03603e-08	0.00105546	3.66617
0.671642	2.58387e-24	1.29693e-09	4.79033e-08	0.000815322	3.50834
0.676617	5.71447e-25	1.08973e-09	3.79147e-08	0.00063182	3.33701
0.681592	1.23903e-25	9.13209e-10	2.99752e-08	0.000491481	3.15549
0.686567	2.63382e-26	7.63188e-10	2.37208e-08	0.000383858	2.96698
0.691542	5.48897e-27	6.36035e-10	1.88376e-08	0.000300951	2.77448
0.696517	1.12149e-27	5.28571e-10	1.50578e-08	0.000236703	2.58075
0.701493	2.24648e-28	4.38021e-10	1.21551e-08	0.000186574	2.38825
0.706468	4.41174e-29	3.6196e-10	9.94113e-09	0.000147183	2.19913
0.711443	8.49408e-30	2.98271e-10	8.26037e-09	0.000116031	2.01521
0.716418	1.60333e-30	2.45112e-10	6.98661e-09	9.12648e-05	1.83801
0.721393	2.96709e-31	2.00885e-10	6.01872e-09	7.15088e-05	1.66872
0.726368	5.38318e-32	1.64205e-10	5.27688e-09	5.57301e-05	1.50825
0.731343	9.57518e-33	1.33881e-10	4.69914e-09	4.31415e-05	1.35724
0.736318	1.66976e-33	1.08889e-10	4.23828e-09	3.31318e-05	1.2161
0.741294	2.85472e-34	8.8353e-11	3.85905e-09	2.52164e-05	1.08504
0.746269	4.7849e-35	7.15286e-11	3.53574e-09	1.90035e-05	0.964081
0.751244	7.86289e-36	5.7784e-11	3.25018e-09	1.41714e-05	0.853096
0.756219	1.26675e-36	4.6586e-11	2.98995e-09	1.04527e-05	0.751837
0.761194	2.00079e-37	3.74867e-11	2.74702e-09	7.62478e-06	0.659953
0.766169	3.09822e-38	3.01113e-11	2.51653e-09	5.50171e-06	0.577012
0.771144	4.70352e-39	2.41473e-11	2.29593e-09	3.92953e-06	0.502524
0.776119	7.00058e-40	1.93355e-11	2.08418e-09	2.7818e-06	0.435958
0.781095	1.02152e-40	1.54614e-11	1.88124e-09	1.956e-06	0.376757
0.78607	1.46136e-41	1.23484e-11	1.68765e-09	1.37027e-06	0.324358
0.791045	2.0496e-42	9.85154e-12	1.50418e-09	9.60346e-07	0.278198
0.79602	2.81826e-43	7.85224e-12	1.33166e-09	6.76772e-07	0.237729
0.800995	3.79922e-44	6.25377e-12	1.17082e-09	4.8224e-07	0.202416
0.80597	5.02119e-45	4.97752e-12	1.0222e-09	3.49248e-07	0.171747
0.810945	6.50609e-46	3.95979e-12	8.86136e-10	2.58005e-07	0.145232
0.81592	8.26483e-47	3.14906e-12	7.62694e-10	1.94621e-07	0.122407
0.820896	1.02931e-47	2.5038e-12	6.5173e-10	1.49613e-07	0.102837
0.825871	1.25679e-48	1.99061e-12	5.52886e-10	1.16674e-07	0.0861187
0.830846	1.50444e-49	1.58269e-12	4.65633e-10	9.17299e-08	0.0718869
0.835821	1.7656e-50	1.25859e-12	3.893e-10	7.22126e-08	0.0598148
0.840796	2.03145e-51	1.00113e-12	3.23112e-10	5.65411e-08	0.0496143
0.845771	2.29151e-52	7.96633e-13	2.66227e-10	4.37542e-08	0.0410326
0.850746	2.53418e-53	6.34201e-13	2.17767e-10	3.32651e-08	0.0338468
0.855721	2.7476e-54	5.05158e-13	1.76844e-10	2.4702e-08	0.0278579
0.860697	2.92059e-55	4.02612e-13	1.42585e-10	1.78074e-08	0.0228856
0.865672	3.0436e-56	3.21095e-13	1.14151e-10	1.23782e-08	0.0187665
0.870647	3.1096e-57	2.56267e-13	9.07534e-11	8.23109e-09	0.0153548
0.875622	3.11474e-58	2.04689e-13	7.16605e-11	5.18511e-09	0.0125253
0.880597	3.05872e-59	1.63633e-13	5.62083e-11	3.05643e-09	0.0101757
0.885572	2.94481e-60	1.30938e-13	4.38025e-11	1.66099e-09	0.00822718
0.890547	2.77956e-61	1.04889e-13	3.39196e-11	8.22113e-10	0.00662149
0.895522	2.57214e-62	8.41243e-14	2.61052e-11	3.80014e-10	0.00531419
0.900498	2.33353e-63	6.75633e-14	1.99707e-11	2.00373e-10	0.00426689
0.905473	2.07555e-64	5.43454e-14	1.5188e-11	1.7976e-10	0.0034405
0.910448	1.80989e-65	4.37848e-14	1.1484e-11	2.46612e-10	0.0027921
0.915423	1.54729e-66	3.53345e-14	8.63413e-12	3.57664e-10	0.00227653
0.920398	1.29686e-67	2.85572e-14	6.4554e-12	4.90891e-10	0.00185191
0.925373	1.06565e-68	2.31036e-14	4.80042e-12	6.3676e-10	0.00148639
0.930348	8.58489e-70	1.86947e-14	3.5513e-12	7.89872e-10	0.00116301
0.935323	6.78041e-71	1.51085e-14	2.61434e-12	9.42751e-10	0.000880121
0.940299	5.25022e-72	1.21694e-14	1.91549e-12	1.08286e-09	0.000646553
0.945274	3.98565e-73	9.73948e-15	1.39653e-12	1.19298e-09	0.000473222
0.950249	2.96635e-74	7.7124e-15	1.01207e-12	1.25435e-09	0.000364375
0.955224	2.16443e-75	6.00788e-15	7.27064e-13	1.25122e-09	0.000312056
0.960199	1.54834e-76	4.56747e-15	5.14956e-13	1.17545e-09	0.000296184
0.965174	1.0859e-77	3.35096e-15	3.56117e-13	1.0298e-09	0.000290309
0.970149	7.46645e-79	2.33311e-15	2.36568e-13	8.28948e-10	0.000270679
0.975124	5.03313e-80	1.50054e-15	1.46854e-13	5.98043e-10	0.000224799
0.9801	3.32631e-81	8.4871e-16	8.10029e-14	3.68966e-10	0.000155776
0.985075	2.1552e-82	3.78853e-16	3.55804e-14	1.75081e-10	8.04557e-05
0.99005	1.36903e-83	9.48514e-17	8.83553e-15	4.55063e-11	2.20124e-05
